      1 131
      3 130
      4 129
      8 128
     12 127
     13 126
     16 125
     18 124
     22 123
     25 122
     28 121
     33 120
     35 119
     35 118
     37 117
     37 116
     37 115
     38 114
     40 113
     41 112
     41 111
    533 110
    533 109
    533 108
    533 107
    534 106
    534 105
    534 104
    534 103
    534 102
    534 101
   2428 100
   2428 99
   2428 98
   2428 97
   2428 96
   2428 95
   2428 94
   2429 93
   2428 92
   2428 91
   2428 90
   2428 89
   2428 88
   2428 87
   2428 86
   2428 85
   2428 84
   2428 83
   2428 82
   2428 81
   2428 80
   2428 79
   2428 78
   2428 77
   2428 76
   2428 75
   2428 74
   2428 73
   2428 72
   2428 71
   2428 70
   2428 69
   2428 68
   2428 67
   2428 66
   2428 65
   2428 64
   2428 63
   2428 62
   2428 61
   2428 60
   2428 59
   2428 58
   2428 57
   2428 56
   2428 55
   2428 54
   2428 53
   2428 52
   2428 51
   2428 50
   2428 49
   2428 48
   2428 47
   2428 46
   2428 45
   2428 44
   2428 43
   2428 42
   2428 41
   2428 40
   2428 39
   2428 38
   2428 37
   2428 36
   2428 35
   2428 34
   2428 33
   2428 32
   2428 31
   2428 30
   2428 29
   2428 28
   2428 27
   2428 26
   2428 25
   2428 24
   2428 23
   2428 22
   2428 21
   2428 20
   2428 19
   2428 18
   2428 17
   2428 16
   2428 15
   2428 14
   2428 13
   2428 12
   2428 11
   2428 10
   2428 9
   2428 8
   2428 7
   2428 6
   2428 5
   2428 4
   2428 3
   2428 2
   2427 1
